#	3	1	5	9	1	8	7	#	1	#	2	6	9	#	5	#	1	#	#	
#	7	2	#	#	8	7	#	#	3	#	#	9	5	7	6	3	#	#	9	
G	5	5	#	5	#	#	#	#	7	4	4	4	6	#	#	2	3	#	9	
8	8	4	7	2	1	3	5	#	6	9	8	5	8	7	2	6	9	4	8	
7	8	2	1	9	8	#	3	4	4	4	7	#	7	3	4	1	6	7	2	
#	8	5	5	8	5	7	6	3	8	#	6	2	#	2	#	3	6	7	6	
1	3	2	1	6	8	9	8	6	4	6	9	9	7	2	#	4	4	#	3	
6	4	2	1	7	9	7	9	#	5	6	#	8	#	5	1	#	3	3	4	
7	2	5	#	9	#	1	9	3	4	#	#	8	#	3	2	7	#	7	#	
3	9	8	#	6	6	#	#	9	#	6	7	4	6	8	5	1	8	#	3	
2	#	2	5	#	1	#	#	4	5	7	#	2	1	2	2	4	4	7	7	
9	9	2	9	4	1	#	#	6	6	#	6	1	9	5	9	#	2	1	8	
#	2	4	2	#	4	8	#	1	#	#	7	7	#	1	8	#	3	6	#	
8	5	#	5	3	1	3	#	8	#	9	4	2	8	#	2	9	8	8	8	
8	#	3	#	2	#	4	#	#	4	5	#	1	#	#	9	1	3	1	9	
9	6	1	#	9	6	1	9	4	7	#	6	1	4	2	8	9	1	6	#	
#	5	8	#	3	2	#	1	4	#	4	8	2	#	9	#	#	6	#	1	
2	#	2	6	1	#	2	4	1	7	1	8	#	3	6	7	7	#	1	7	
#	#	3	5	5	1	9	#	4	#	4	2	4	9	7	4	6	#	9	#	
9	8	1	#	3	2	1	2	S	2	5	#	#	9	9	#	6	7	#	9	
